	ERR13827976	ERR13827977	ERR13827978	ERR13827979	ERR13827980	ERR13827981	ERR13827982	ERR13827983	ERR13827984	ERR13827985	ERR13827986	ERR13827987	ERR13827988	ERR13827989	ERR13827990	ERR13827991	ERR13827992	ERR13827993	ERR13827994	ERR13827996	ERR13827997	ERR13827998	ERR13828000	ERR13828001	ERR13828002	ERR13828003	ERR13828004	ERR13828005	ERR13828006	ERR13828007	ERR13828008	ERR13828010	ERR13828011	ERR13828012	ERR13828013	ERR13828015	ERR13828016	ERR13828017	ERR13828018	ERR13828019	ERR13828020	ERR13828021	ERR13828022	ERR13828023	ERR13828025	ERR13828026	ERR13828029	ERR13828030	ERR13828031	ERR13828032	ERR13828033	ERR13828034	ERR13828035	ERR13828036	ERR13828037	ERR13828038	ERR13828039	ERR13828040	ERR13828041	ERR13828042	ERR13828043	ERR13828044	ERR13828045	ERR13828046	ERR13828047	ERR13828048	ERR13828049	ERR13828050	ERR13828051	ERR13828052	ERR13828053	ERR13828054	ERR13828055	ERR13828056	ERR13828057	ERR13828058	ERR13828059	ERR13828060	ERR13828061	ERR13828062	ERR13828063	ERR13828064	ERR13828065	ERR13828066	ERR13828067	ERR13828068	ERR13828069
ERR13827976	0	0.259524722391658	0.288658910258696	0.237943180610796	0.876457626595016	0.452331812140251	0.385139273293192	0.57371770462416	0.663742695707803	0.771954752557638	0.529287311841812	0.823180423220614	0.467649487335418	0.551712441568332	0.568520764482554	0.82449053487362	0.625535322364358	0.669361953029721	0.717811739248039	0.595133848931805	0.578083450744052	0.572233039608408	0.696124713723343	0.779278573430826	0.727918936543404	0.620998356086352	0.571638988314258	0.61284584693855	0.923839650322701	0.570345583222255	0.506230597978195	0.406325948964617	0.987114779407399	0.42801302013014	0.472640395300465	0.678396789243106	0.359320356119625	0.51543354664567	0.958856991665564	0.94584373071477	0.637788280999135	0.84232168625859	0.492455821128884	0.507229325389933	0.718974444918917	0.493399274813833	0.484449739166087	0.656683223542336	0.655261717434549	0.892074655125778	0.427935518555696	1	0.550450589622568	0.389666970239015	0.513097723774642	0.611059414091229	0.507429656124452	0.598043916183507	0.718258148416807	0.359762235430899	0.739302365491587	0.553076196872758	0.510216931088239	0.59048187363374	0.581191321802223	0.94848467454942	0.502150340787462	0.519599834239106	0.85161971644012	0.35905978724009	0.905058155261023	0.297663645909471	0.617490563784872	0.581420256486677	0.586439793604279	0.531679167426852	0.625296246638069	0.625134162979455	0.679314166311678	0.68373076300797	0.761853307814528	0.707193692965801	0.662408389688718	0.601061809179458	0.597139347402102	0.565925242127067	0.573668302441706
ERR13827977	0.259524722391658	0	0.277032785745479	0.214102246628398	0.745038051754156	0.445806521427722	0.474673440451207	0.594983001178794	0.744585782798883	0.803511700848352	0.594321311971334	0.819338979007904	0.544841187858466	0.61014949999694	0.568488887077849	0.750186388511678	0.649231645022529	0.680629603740713	0.75777241171144	0.601626731175616	0.608456691856212	0.575656171751331	0.704746404091629	0.790262752132103	0.644085634367889	0.628509924961342	0.594391936884731	0.605269436717559	0.896674604519729	0.607872928171627	0.528813847370515	0.308796312134579	0.983611424499733	0.4262596954272	0.562160624898587	0.715719149016634	0.256751990048989	0.549165743293433	0.964148696917582	0.911215457685665	0.700591750026036	0.869828774587992	0.47198302341331	0.544705999705654	0.722478551784257	0.508456526238371	0.467782547698946	0.606133417604136	0.649873034730808	0.896870912566657	0.501027011390378	1	0.523694597019542	0.414074974162948	0.48880325253556	0.633526899142239	0.551800239929902	0.596197072229166	0.643929058284852	0.374262259705548	0.630137173890573	0.536482777238156	0.47787924565559	0.593824268458881	0.631825174780914	0.949862243140857	0.475367923482788	0.537813137944941	0.847423242917823	0.275974784784957	0.927256263205554	0.240999708623358	0.594264300956987	0.566227809320268	0.597789403945382	0.549988607040656	0.620197395110314	0.629072971127085	0.690010026837333	0.700939220193087	0.70431204801097	0.601178408429797	0.686942172949961	0.614209472035125	0.602771230475132	0.570954892405062	0.596027453998305
ERR13827978	0.288658910258696	0.277032785745479	0	0.298642826919786	0.852449335350448	0.504795061557845	0.545705970632927	0.633228422063373	0.727148896941954	0.812867618023609	0.598249675807737	0.832076797956398	0.539086210627539	0.713296083551764	0.644319242759556	0.822148246320943	0.724632843791722	0.785071908743822	0.828390234598512	0.672889357026572	0.673666820786035	0.651077230048186	0.705556886762699	0.810138153547866	0.676319586387731	0.680721029506778	0.642599676360212	0.66689365175663	0.792191529662619	0.643656079504472	0.586679558269485	0.258848748334562	0.983611424499733	0.509598390682113	0.66772149084365	0.7508292119919	0.355067101481242	0.457457436722411	0.964148696917582	0.927256347553791	0.707354344918817	0.849219170705439	0.573710212617125	0.576722325387645	0.738553009300408	0.553946154116344	0.552526721066197	0.607449810539098	0.542547723123138	0.907257295441541	0.552924153056948	1	0.579971331756621	0.525017362396547	0.578462253391067	0.690648018436795	0.571863925483102	0.663797972788643	0.693998475921652	0.314157087692819	0.687119435090154	0.617146339791529	0.558885278655876	0.636716991113126	0.626306100521178	0.949862243140856	0.529763702408445	0.624579161616583	0.847760760283885	0.443642830116549	0.94683387373641	0.328329954453553	0.666070460591311	0.659738564013316	0.646394117845049	0.598474718781842	0.680498313761059	0.688301719931909	0.74451253986036	0.727230617971005	0.729573825054907	0.646827915950072	0.727219018940212	0.669402908291579	0.677440897698904	0.606778561654297	0.643607787219866
ERR13827979	0.237943180610796	0.214102246628398	0.298642826919786	0	0.845960555588643	0.474091692588478	0.437226262511584	0.604263404682662	0.75900404207011	0.77847431299064	0.582294772804843	0.829728477012623	0.538352705228967	0.564425919839934	0.55104047531283	0.807487321051039	0.622079835607356	0.611195561187965	0.711402772980707	0.633752028883708	0.594638663966552	0.575711048806533	0.709874706768953	0.789807203998168	0.630124245504716	0.642051044382432	0.586059819177545	0.592062602289221	0.887642049974106	0.625863676776323	0.551586228853442	0.257273041692689	0.983611424499733	0.43385387920367	0.498303923925803	0.673587905118697	0.185094624966957	0.564483340426032	0.959362591425896	0.923590319664261	0.668958745773168	0.858683817934187	0.489505339983171	0.550189676566961	0.72534917451776	0.536338542525431	0.489971812416608	0.529193392187066	0.685120318102457	0.85177875363892	0.448172623855989	1	0.549627531151612	0.423403220690389	0.481781943952498	0.653674242288186	0.547739109513145	0.593457257050373	0.654141671437032	0.251259869750863	0.624792620601057	0.563212793881311	0.499794378190035	0.583739545703769	0.581707255856656	0.947164504649294	0.460134390046752	0.50809304896987	0.87327855245084	0.204817671663315	0.920165786746928	0.184659832004772	0.641433056817485	0.599665101317236	0.588502970465394	0.549226789524982	0.620006586309845	0.617037191006748	0.692271977837753	0.702587947740654	0.699502485143075	0.609530705982835	0.709090149138601	0.614180724876362	0.596950405856674	0.56211621637199	0.606378839376105
ERR13827980	0.876457626595016	0.745038051754156	0.852449335350448	0.845960555588643	0	0.824287925730064	0.881853637450494	0.811317739314632	0.916269515201314	0.911529987559789	0.862848932033463	0.745172875623603	0.83651448511389	0.958766461258111	0.802772886126048	0.400958445095928	0.868229264696981	0.923870532946994	1	0.894040569789893	0.909225606026283	0.962191150044572	0.874730981460232	0.910157564340362	0.871291293932577	0.903289193522185	0.910111176868376	0.931153310015478	0.980666034014735	0.890949473182638	0.898446961794838	0.836200420855372	0.56363005493353	0.795274651371157	0.943084719840791	0.895234182415776	0.810954316097034	0.790433985759119	0.695534063830706	0.478490011963505	0.923832259366576	0.53096303533367	0.834117634961566	0.774291526039115	0.734469659055728	0.770282746422666	0.862548432109167	0.704332456205169	0.836195040314845	0.986113393590797	0.903597448504056	0.942235004108464	0.781122140312669	0.860460583325939	0.830741024015506	0.933088635769762	0.764058221516706	0.901735812891273	0.933497677907695	0.883489695840527	0.870331554624635	0.843891191487843	0.784299041259354	0.917634014132806	0.843056696795399	0.434743281641182	0.849380500593223	0.841572622815714	0.513754488706127	0.776902683798184	0.975924404272802	0.829761201894376	0.834856385079378	0.861272430428983	0.943547756267184	0.920834302990415	0.964328344951281	0.956265483675397	0.930458021445308	0.898707055162323	0.934298588289224	0.831179306173293	0.914786332120653	0.904778631978677	0.896214259744749	0.889398983029402	0.92145912129317
ERR13827981	0.452331812140251	0.445806521427722	0.504795061557845	0.474091692588478	0.824287925730064	0	0.421260463282728	0.337772728332152	0.754387277764629	0.696646845942801	0.481576411490743	0.544449420681998	0.420676552347233	0.612230339889815	0.309684876871958	0.769951733700059	0.512851901397737	0.670740471928286	0.773368649672129	0.595736297169754	0.57736436140178	0.573307862711788	0.52825755683206	0.716371935667769	0.611978031419007	0.636670158155801	0.543075351642735	0.523902271946362	0.93062196788284	0.599252535959106	0.559627557115082	0.524791246689423	0.93993615978695	0.333548360510714	0.517015434725908	0.702163199899928	0.519863733337278	0.484782257917177	0.834577057260328	0.941304659947057	0.560296746153465	0.87172609905694	0.394587173173886	0.45728528569796	0.484270882062349	0.425618264642652	0.318537630365705	0.478494153040029	0.629831085992347	0.884026897963162	0.342869639211265	0.883929441574895	0.283635039946306	0.427192866218461	0.401013648363395	0.600977572833092	0.456273879233516	0.565964228523155	0.630998092178965	0.571997424252397	0.66793470482743	0.584323389309531	0.250876383743642	0.480731820716698	0.770857939662023	0.851291002347624	0.481645755774564	0.328702299513402	0.892018321800994	0.552613473286091	0.880128642432511	0.467858567299543	0.618112031387946	0.597467032677	0.570714070712872	0.511379371010395	0.61061557376547	0.602764408593286	0.652016220825471	0.590534065246717	0.665741305173125	0.586640113769487	0.668336800198515	0.566570153135098	0.535083223258024	0.458458425885081	0.597584585655898
ERR13827982	0.385139273293192	0.474673440451207	0.545705970632927	0.437226262511584	0.881853637450494	0.421260463282728	0	0.419212122404317	0.692203603400286	0.721419349829411	0.437852384746353	0.678209047426003	0.452224908640401	0.543349660103082	0.486600592884591	0.782510319290785	0.556910715395909	0.632109004739337	0.692831753554502	0.692477374052759	0.642581884987978	0.632253405740164	0.698726177479595	0.714859087235355	0.786373040999748	0.637620074106068	0.610254364110502	0.626337884332461	0.953599866809846	0.610492519844173	0.591540765251414	0.549821182214363	0.953078623428324	0.401532667621162	0.400781043110612	0.674464879902451	0.49303457874805	0.538434322030249	0.909107085869203	0.953816792721558	0.571337164989884	0.834384738034898	0.433030869421277	0.509037914142009	0.5583526490225	0.511511709404865	0.399641125835194	0.651715582223983	0.686867471524537	0.860520727940785	0.293297508264097	0.972600710900474	0.517915007161186	0.434488705152134	0.485698799533311	0.679974979269186	0.489832402930308	0.620551798283887	0.756735887755966	0.547953181754769	0.797618602023579	0.627809345313665	0.496230407294377	0.604417327301872	0.71503550647161	0.88984089409207	0.544890394976507	0.483345800773895	0.884774881516588	0.518242724581636	0.870704976303318	0.462800037491447	0.719637447465875	0.685065092487189	0.626526451729284	0.572404627326454	0.677030545900609	0.652345610218101	0.700972276882644	0.644733381566794	0.790922469796095	0.762266321230541	0.643197418646138	0.617545930192222	0.630320432985982	0.60932023397557	0.616048396230477
ERR13827983	0.57371770462416	0.594983001178794	0.633228422063373	0.604263404682662	0.811317739314632	0.337772728332152	0.419212122404317	0	0.684503976232879	0.68288829899599	0.37511106488835	0.356984742105094	0.395700932112944	0.717314744574292	0.329892321429581	0.750126939789454	0.53146437660899	0.757683690469351	0.837306830585397	0.671248230060216	0.650044546138193	0.676957088773012	0.500837251126983	0.696305909849761	0.650006305351681	0.637450531147973	0.594749971284812	0.598219791632324	0.93556037034505	0.607358475670266	0.620530986382803	0.644059569989338	0.940524497850831	0.384010111099823	0.621289355720624	0.71870932646602	0.643164135775642	0.487746663581427	0.818573845914751	0.950905533333671	0.603252129865078	0.857294812567898	0.405427348805936	0.507171386665493	0.394683974362268	0.488565209370506	0.421768730325624	0.508931509810166	0.621396241194072	0.856264721089217	0.372255058903954	0.827770437180445	0.400133493736623	0.584166844688292	0.552880595053793	0.662715136179636	0.47496822070592	0.590034344578395	0.723861666493554	0.665518352644669	0.756165105950517	0.617615296243845	0.325689040478359	0.57276604509455	0.83006836330212	0.821318726342989	0.636535936728353	0.316814361169016	0.87579466009256	0.675048099752756	0.939334750387775	0.58940762017944	0.696904435168366	0.6560556635833	0.664080902902086	0.594505664318947	0.71190244638558	0.664040018155952	0.667384496813855	0.611295339186822	0.718332271401832	0.660119292923403	0.662769919456481	0.55474336659157	0.607050134689586	0.557106165024662	0.607195292166635
ERR13827984	0.663742695707803	0.744585782798883	0.727148896941954	0.75900404207011	0.916269515201314	0.754387277764629	0.692203603400286	0.684503976232879	0	0.871844772816504	0.55148070204396	0.745848938826467	0.656001178506979	0.745174992800393	0.838413011583525	0.885651790867941	0.84128986273285	0.854302422723475	0.80515873015873	0.7884252172079	0.814294129832466	0.850959923989397	0.872828090405386	0.821863437605113	0.906029674427349	0.770717007263823	0.845128061540275	0.877901766046096	0.984109345482831	0.707515332896515	0.712659346985772	0.807812325866488	0.9757140312333	0.695793344964548	0.625828057619965	0.570407930645928	0.801630872863373	0.701457045922695	0.929228481973554	0.980677892918826	0.672121971595656	0.871918993768751	0.691740635987928	0.725783244372244	0.725100049462656	0.74020336564191	0.760459145144238	0.776836447187469	0.832641912078532	0.84047619047619	0.615408080560409	0.982142857142857	0.810178158316707	0.753866618238357	0.779565567176187	0.779501915708812	0.752160373686259	0.804242323433519	0.887701124090809	0.79929048129799	0.887513487591416	0.80201857663083	0.831883735187899	0.878462939569318	0.822808421994973	0.924434622890598	0.731021075712009	0.820797434594719	0.779891807246067	0.827398856451641	0.967063492063492	0.78056566944407	0.808854695892002	0.81774555107659	0.834989619377163	0.795952694176712	0.889583795148755	0.86115569823435	0.801971746553027	0.779029222652066	0.899317950025497	0.876011705321788	0.774010470704686	0.792649395606731	0.854356160444721	0.869904848963311	0.722635567491395
ERR13827985	0.771954752557638	0.803511700848352	0.812867618023609	0.77847431299064	0.911529987559789	0.696646845942801	0.721419349829411	0.68288829899599	0.871844772816504	0	0.691274767451654	0.82286423262695	0.599742317537239	0.701274580622247	0.666194047872516	0.933256372087371	0.670038894865871	0.702657925733061	0.67876646321876	0.781589192196563	0.80597951817415	0.817341887850998	0.851718235503683	0.943684325002763	0.880695292457217	0.87733169332711	0.802371998509349	0.797597538845581	1	0.807342515826038	0.796565970494228	0.84479408171332	0.985867822575857	0.710153449580354	0.705042190528005	0.886809665899986	0.818654259862676	0.748090435356101	0.916117674911746	0.994818652849741	0.684096234804809	0.972536348949919	0.777266331401412	0.666780911198422	0.790306573275372	0.7027023635182	0.741025591637442	0.834026166466552	0.810661364051102	0.974622550594282	0.743784792689963	0.974622550594282	0.670734110974833	0.774465450071483	0.761668310738013	0.803756165694145	0.742369878222605	0.815251391979911	0.884029312188515	0.750379957906195	0.883153399932133	0.83909403350356	0.688921443052648	0.740810495079684	0.806617410857694	0.933969646288724	0.815440443922853	0.657960006700294	0.971101145989038	0.782969834893942	0.850103570123066	0.780554058612849	0.807125303974637	0.813357620033123	0.837504657886283	0.837282143321352	0.839791393203911	0.856645374847225	0.903618677748776	0.844873664293271	0.905979092299847	0.875278538802701	0.884811494320007	0.815706055821272	0.800426595427443	0.773195121537448	0.815507188182539
ERR13827986	0.529287311841812	0.594321311971334	0.598249675807737	0.582294772804843	0.862848932033463	0.481576411490743	0.437852384746353	0.37511106488835	0.55148070204396	0.691274767451654	0	0.581752613001847	0.356978891231989	0.679600548864156	0.489495200996312	0.766642515300831	0.58730270878111	0.742758108442684	0.756808615994058	0.714324201727824	0.688824952162312	0.729581305948871	0.726084695538615	0.7690419020004	0.827525397933865	0.702425899197402	0.658835350586578	0.716676897125002	0.961331430157256	0.625333578985823	0.629462588638153	0.649561777130792	0.954061551085279	0.412148292178055	0.535512281269186	0.704273160241198	0.646636591612236	0.587686320232922	0.903119836259782	0.953856272778236	0.630838621684193	0.817805842417154	0.482867430117061	0.561617901487418	0.503723259129998	0.569563865942077	0.483764617039945	0.691656466846695	0.715147820910019	0.896261450854172	0.429725643756893	0.988115870264917	0.582067664366336	0.623328110934447	0.603355099525403	0.713037918607751	0.545251104186498	0.655861307934407	0.818854197800233	0.622338120380279	0.858383110019594	0.695126770427381	0.583305670205007	0.641843184973419	0.720970537261698	0.875084104928162	0.639748695293438	0.486836275508746	0.831462621601814	0.65047285497241	0.951473136915078	0.562035146310571	0.742107570651958	0.719955690108163	0.691333560073025	0.628687855893295	0.763196669264068	0.73706511327293	0.718636154635164	0.653341903717182	0.821311075378143	0.823613614351152	0.69994373044633	0.625216312792135	0.711143672241602	0.648372503216422	0.642865974598599
ERR13827987	0.823180423220614	0.819338979007904	0.832076797956398	0.829728477012623	0.745172875623603	0.544449420681998	0.678209047426003	0.356984742105094	0.745848938826467	0.82286423262695	0.581752613001847	0	0.66598322525703	0.86633051380373	0.459987720987659	0.663447873875844	0.645399278537647	0.821241805128988	0.95862027304579	0.751095925386603	0.778939805187472	0.832640295645537	0.623633758068123	0.699560366117335	0.73517156279145	0.728985766128599	0.797359084070167	0.781229597407579	0.931217291363224	0.754982173355774	0.777921503247967	0.823257861054469	0.915433245310952	0.58644630004168	0.79211807075949	0.685379426721932	0.833688981544889	0.649955900758963	0.783123820452639	0.7725725581094	0.674827263882795	0.85015013283008	0.488871609961562	0.669850491480683	0.371190561021318	0.679383353955944	0.606013260424338	0.522575533357315	0.726500109756035	0.891566992871814	0.600138346939536	0.66660625830615	0.587470141442933	0.815881234301647	0.6629130184731	0.742123883891891	0.664835477395116	0.725373100952889	0.834651931873217	0.887188581079099	0.840815507362802	0.794012277010416	0.495321955173764	0.748169912754881	0.954814546333212	0.788191519870051	0.793684802682218	0.510242365301322	0.874387360801168	0.882287880130324	0.965990093028875	0.848214541300651	0.770402176223245	0.760699652708053	0.819479141975533	0.769496610629888	0.858690716232847	0.807474240149122	0.740531850339966	0.712815712934182	0.797412068561548	0.734088237801668	0.754191972595754	0.730317321322188	0.756422848657722	0.721524691859004	0.728716625273933
ERR13827988	0.467649487335418	0.544841187858466	0.539086210627539	0.538352705228967	0.83651448511389	0.420676552347233	0.452224908640401	0.395700932112944	0.656001178506979	0.599742317537239	0.356978891231989	0.66598322525703	0	0.63161205440014	0.519460312933289	0.780483073495147	0.666193732767374	0.719567916310498	0.761639597834493	0.709385154679593	0.673312377225088	0.692010175527316	0.640549765891428	0.791270701588855	0.802544366743022	0.701815023225089	0.582567956100129	0.627992061199419	0.945781292017752	0.618552051165457	0.61637298686831	0.60834860859971	0.960765189620055	0.403246727167374	0.549408777365002	0.733964807185943	0.647910675932124	0.508089842653524	0.878010805842198	0.969460131076462	0.634227486736951	0.837413773931209	0.564976977264146	0.495617959640222	0.523619664832866	0.481888263455281	0.545473150010285	0.682032843601113	0.614362572821447	0.916782675947409	0.490391066513813	1	0.487644622285803	0.545891675616132	0.61264703375251	0.701723619371031	0.446412593246204	0.623214298834201	0.77140362280338	0.556490505654468	0.835847461170989	0.634194386146255	0.533137643031828	0.598200576396298	0.69289751423064	0.884211679803554	0.573850537079283	0.499584785505017	0.846810409506403	0.620680677313591	0.91322505800464	0.508982979000459	0.731977708165847	0.697058852021766	0.688967530781932	0.587884050976269	0.726435966008141	0.685971442723444	0.726138393414632	0.627632422089955	0.801245862375093	0.800166814557761	0.691888008190668	0.571031120369945	0.634022020878298	0.569092239308343	0.646361137515339
ERR13827989	0.551712441568332	0.61014949999694	0.713296083551764	0.564425919839934	0.958766461258111	0.612230339889815	0.543349660103082	0.717314744574292	0.745174992800393	0.701274580622247	0.679600548864156	0.86633051380373	0.63161205440014	0	0.671860386203345	0.922714706686514	0.583679745241862	0.442264412364957	0.687299893276414	0.750348616657083	0.722499852014604	0.706244420229599	0.857112181173677	0.833323443542577	0.868940557139724	0.73793115455704	0.735420362560741	0.733382308259356	0.984109345482832	0.741563187652398	0.700820011317492	0.676669222656704	0.97624844130396	0.626475217430783	0.380273718237395	0.611494944752917	0.57546060616536	0.740424969432603	0.963354941129779	0.973013816925734	0.441311763934917	0.919597973343816	0.625905725239989	0.627106057089812	0.760717838128264	0.66426829993459	0.586968667603608	0.803069800332424	0.828689714041827	0.866409650690106	0.552742425224226	1	0.65105001706791	0.538538739462063	0.549871940282873	0.745413168845436	0.666446087971973	0.726936236346308	0.809804020964586	0.671259310332372	0.851816328977341	0.740807233715516	0.652716438373516	0.730046860994371	0.737690904418727	0.95887417459518	0.596123387849217	0.620537155741188	0.961579509071505	0.602429942677239	0.81590181430096	0.61051111466663	0.781010134325475	0.747329699491943	0.721611828961605	0.712030971874022	0.732224415708817	0.723206812493683	0.805842969596643	0.786289014119349	0.873980112187659	0.860493451111788	0.773187483111454	0.752673025228648	0.717453359511904	0.747581269808906	0.751737425973076
ERR13827990	0.568520764482554	0.568488887077849	0.644319242759556	0.55104047531283	0.802772886126048	0.309684876871958	0.486600592884591	0.329892321429581	0.838413011583525	0.666194047872516	0.489495200996312	0.459987720987659	0.519460312933289	0.671860386203345	0	0.798765936359794	0.46548230981862	0.633239824120867	0.744110964964726	0.660640060233974	0.625558529579233	0.622263036181249	0.559930245211634	0.735175855689366	0.63518288798436	0.644967237643325	0.568441718227899	0.553544712570539	0.95213406867839	0.641002830963051	0.638124768053708	0.636612052933749	0.922333581695645	0.364508499353897	0.594497519466537	0.732669660718552	0.596946730742045	0.563393043872765	0.764366116843643	0.924353969557495	0.646854573158154	0.909263152418102	0.446768631427069	0.491185426296865	0.503956690386191	0.503372072842338	0.424890154981207	0.550082228047676	0.672018999302305	0.858065287576229	0.469118201378591	0.8802463230898	0.324840148627053	0.538204789824179	0.536587619354262	0.670184984367529	0.544346110718555	0.586657711169907	0.6711280752138	0.612125809593714	0.715206805864397	0.622076417847893	0.223033706702991	0.474248214737976	0.79857557420961	0.814226297555996	0.675885103748428	0.189395141492957	0.911881966268842	0.579173894758404	0.924159990434055	0.520112196170751	0.685989938816796	0.644871827114468	0.615125060252629	0.581008003967015	0.627325731539745	0.644708094400627	0.699947727103319	0.624478348590174	0.702502914204728	0.63707474052397	0.686110805412521	0.589937499749752	0.560632009823626	0.508151962931853	0.640996978910488
ERR13827991	0.82449053487362	0.750186388511678	0.822148246320943	0.807487321051039	0.400958445095928	0.769951733700059	0.782510319290785	0.750126939789454	0.885651790867941	0.933256372087371	0.766642515300831	0.663447873875844	0.780483073495147	0.922714706686514	0.798765936359794	0	0.901327581492846	0.880879474105259	0.980980995490823	0.849881539936594	0.885070340130613	0.922219653623788	0.838901734445141	0.872955407796149	0.879415788479975	0.874807457071535	0.8436417447691	0.90217717654595	0.994470942066409	0.862956674909034	0.87081961667549	0.821868763388998	0.521956611150883	0.71450431176854	0.876005827233007	0.818525421912382	0.812846555037057	0.790091762521146	0.72548213976533	0.314978208327188	0.880849451757717	0.411372746737609	0.824770901068352	0.822547690273235	0.676072122190211	0.803485166405578	0.766871542282639	0.658559912009617	0.878743493947471	0.962602910350275	0.797602751348683	0.821186620894978	0.800731406017738	0.827282623475844	0.767827863498605	0.868788542458525	0.738004268092437	0.870289842378538	0.915611540822858	0.825707504319222	0.88425088751869	0.801942476351726	0.826951957244312	0.865659444194706	0.845672448886593	0.415817808487241	0.822637539989286	0.831252517033322	0.441838563660115	0.735719579919119	0.98818239815293	0.752817699502902	0.818553118198072	0.834738168227702	0.888498287556214	0.86417524750159	0.92675855902059	0.899742367239047	0.878260261977122	0.831294773645095	0.916781268944063	0.841704597484943	0.88314786316708	0.844225743632691	0.897229254363664	0.843515536474003	0.866738828482795
ERR13827992	0.625535322364358	0.649231645022529	0.724632843791722	0.622079835607356	0.868229264696981	0.512851901397737	0.556910715395909	0.53146437660899	0.84128986273285	0.670038894865871	0.58730270878111	0.645399278537647	0.666193732767374	0.583679745241862	0.46548230981862	0.901327581492846	0	0.70050454086781	0.761421363701889	0.787232191692177	0.726043986690437	0.737757247256379	0.766905675586613	0.821392532795156	0.769695453864336	0.760974484381058	0.707559577355681	0.686637202440254	0.959328814312701	0.758667414190213	0.767986555162264	0.66827117747457	0.96110055519568	0.582766965198253	0.61976925275456	0.635801656848443	0.616336653820702	0.66446765478047	0.863920275200712	0.974759188482177	0.536126896454051	0.962314329232343	0.530305246282663	0.59059233261807	0.669297003668386	0.625652829440105	0.568292572029604	0.705666755673093	0.76666508176663	0.826956654837356	0.568611431222561	0.928960645812311	0.583415558810893	0.609181104448264	0.620535503359682	0.801067268249494	0.681321029004128	0.718000002418658	0.817436752238073	0.703914758508858	0.791485332989109	0.769961749223254	0.501145479976261	0.690957440075341	0.731512681377517	0.886929165381326	0.693233764057117	0.434164587909103	0.971101145989038	0.654312193031646	0.889808274470232	0.619293363374579	0.812815938599083	0.767010708211481	0.733668734876868	0.769048778117618	0.750717761399594	0.752738261258766	0.801435569801106	0.783636277311953	0.840546914839367	0.764794380440895	0.792564636954226	0.760608794986443	0.691151373044127	0.714375169520239	0.784435847792767
ERR13827993	0.669361953029721	0.680629603740713	0.785071908743822	0.611195561187965	0.923870532946994	0.670740471928286	0.632109004739337	0.757683690469351	0.854302422723475	0.702657925733061	0.742758108442684	0.821241805128988	0.719567916310498	0.442264412364957	0.633239824120867	0.880879474105259	0.70050454086781	0	0.551892230576441	0.85135971805496	0.737182321627887	0.727545202393693	0.886987648493431	0.933114256377574	0.898150179132851	0.820633007558178	0.735856416882934	0.712084881116351	1	0.786617179803357	0.764412326152168	0.734448521001601	0.971913781841933	0.693225590276995	0.511162660987729	0.607495914591567	0.611638759264343	0.833779452100063	0.968646646381797	0.903787155713117	0.560818713450292	0.938561063401638	0.650795765094469	0.739521930842423	0.779886863049976	0.760837248022834	0.6272799598301	0.771538084469215	0.901169440887751	0.918539325842697	0.629867094253548	0.930701754385965	0.714934452917488	0.627067090649144	0.554020409027395	0.849808429118774	0.781071889533097	0.744907775635927	0.832053022129933	0.675836108863507	0.886104783599089	0.828654642431048	0.673707503520418	0.700736809634769	0.789863759181033	0.966265328975061	0.644303138118718	0.623442512870253	0.967982456140351	0.623979696144951	0.926754385964912	0.671149022689737	0.884743794454928	0.836063317274604	0.745242578765252	0.759216814353116	0.750827016405452	0.774129847089634	0.874553652878776	0.832308567124279	0.897259275163943	0.908533136068926	0.857884521597005	0.794777287110122	0.707271176095219	0.742689651477345	0.784184941978969
ERR13827994	0.717811739248039	0.75777241171144	0.828390234598512	0.711402772980707	1	0.773368649672129	0.692831753554502	0.837306830585397	0.80515873015873	0.67876646321876	0.756808615994058	0.95862027304579	0.761639597834493	0.687299893276414	0.744110964964726	0.980980995490823	0.761421363701889	0.551892230576441	0	0.86107579994421	0.817274139672182	0.773074676066451	0.925472650235454	0.960614098313392	0.921693353805659	0.869127328905497	0.791637979309735	0.79390500106995	0.981252202625689	0.813675379411713	0.806527880582285	0.827148110999666	1	0.756193039329623	0.67391962565373	0.818629462453837	0.727861652484216	0.894286375202406	1	0.998434801381693	0.803350041771094	0.989633817985999	0.723990874646459	0.834300301694129	0.922703358963982	0.856573705179283	0.781314432433599	0.919840338107537	0.927255655142979	0.92	0.760681337542526	1	0.79684688544255	0.749317351990977	0.770141937708309	0.875750775405948	0.901868431296224	0.824067050280403	0.889464403791051	0.702252413299964	0.925008991727611	0.865273954061939	0.750385569637229	0.769237995912252	0.720139448404091	0.99469062105384	0.848830072329192	0.724539282250242	1	0.700826684336478	1	0.755084527589462	0.899915393069697	0.866296332710648	0.790490855165596	0.800498160925712	0.789299216089314	0.823801498127341	0.91655276670055	0.890623049837306	0.942216981132076	0.936832165702102	0.900674036707095	0.867513871434036	0.787437341256529	0.795114739210181	0.82005072873758
ERR13827996	0.595133848931805	0.601626731175616	0.672889357026572	0.633752028883708	0.894040569789893	0.595736297169754	0.692477374052759	0.671248230060216	0.7884252172079	0.781589192196563	0.714324201727824	0.751095925386603	0.709385154679593	0.750348616657083	0.660640060233974	0.849881539936594	0.787232191692177	0.85135971805496	0.86107579994421	0	0.301316995607467	0.445168081008646	0.648553022213217	0.590780543489298	0.64950589406734	0.400999034879885	0.428845214401275	0.474748932261272	0.94332523693861	0.434296688827299	0.342489233596411	0.666055054242118	0.957661378907616	0.584974363475283	0.744577218710848	0.804873496495161	0.655443859011217	0.697071445467345	0.949125194892525	0.936920038046393	0.806824483698172	0.907403515526451	0.619422578272162	0.626977127975039	0.683406434485727	0.619800935779302	0.517337547023515	0.707647514085438	0.725951792271769	0.958732199838072	0.694228771681066	0.995356479497071	0.641207380499543	0.548945112248358	0.574260434324009	0.154982060929339	0.668366920681712	0.309788379135527	0.607442516557961	0.717788582392612	0.646791521310325	0.363854463259714	0.626410506268548	0.492167866559268	0.915130732961852	0.896617294497691	0.613769241170476	0.645566886585245	0.966614278230223	0.647985705358237	0.913487641091585	0.592952616046162	0.118954456253568	0.14465290931838	0.456693750120507	0.42806981380292	0.512761712669148	0.44303968059031	0.461378026468958	0.544312710551186	0.663738834974045	0.558775650422744	0.50041692836732	0.42929936245398	0.434359494117372	0.473851374324213	0.376864865290044
ERR13827997	0.578083450744052	0.608456691856212	0.673666820786035	0.594638663966552	0.909225606026283	0.57736436140178	0.642581884987978	0.650044546138193	0.814294129832466	0.80597951817415	0.688824952162312	0.778939805187472	0.673312377225088	0.722499852014604	0.625558529579233	0.885070340130613	0.726043986690437	0.737182321627887	0.817274139672182	0.301316995607467	0	0.365164200138405	0.624204873609491	0.59839555180968	0.658681711154376	0.397051848521781	0.383897206952541	0.376985958403821	0.930928371534968	0.338087676092012	0.280897480326941	0.675881505309839	0.94895328186904	0.578958729900883	0.697950554303514	0.808584290404211	0.638083192911924	0.645709354176036	0.927348249057748	0.96074148698183	0.757304599181478	0.910407777634294	0.6110073973142	0.574839461168002	0.708044507147511	0.563342383349819	0.477005995350369	0.683434620617875	0.733986798342082	0.956362153344209	0.630774658029751	0.995819738988581	0.612418035570941	0.511359436658212	0.49895602978638	0.305303513278706	0.629344919800245	0.230222788426092	0.53968908951509	0.720952059059627	0.654710574102169	0.385835493697868	0.605158074800127	0.37323785317999	0.900047580206634	0.899369080233258	0.5624532498431	0.616200232963029	0.972097607395323	0.641428932651072	0.914627514953779	0.617400883192602	0.356558439579975	0.280964442508365	0.351875218026948	0.372421001662943	0.46544574147802	0.405408432596053	0.476191443494701	0.469574217950364	0.600830644966737	0.571445332916695	0.444956886214824	0.378905625372853	0.31708436817001	0.364299524485445	0.314156655610034
ERR13827998	0.572233039608408	0.575656171751331	0.651077230048186	0.575711048806533	0.962191150044572	0.573307862711788	0.632253405740164	0.676957088773012	0.850959923989397	0.817341887850998	0.729581305948871	0.832640295645537	0.692010175527316	0.706244420229599	0.622263036181249	0.922219653623788	0.737757247256379	0.727545202393693	0.773074676066451	0.445168081008646	0.365164200138405	0	0.651647021819026	0.622653922107538	0.65485635837722	0.437504716614602	0.366607693033301	0.361918521171787	0.916627361041679	0.391229419928259	0.370460752607345	0.628472463311799	0.979214642770517	0.560310527720884	0.702576658597688	0.822711233031003	0.609920902425574	0.665849323965047	0.971204653181147	0.978749327225886	0.785294047700165	0.95730014152158	0.604150195788138	0.586244685002549	0.761947430854886	0.584260492028191	0.503178702372619	0.73921565461442	0.730753658600244	0.935826162008479	0.650879439410671	0.997816871017693	0.610889912114913	0.500403417117708	0.532192975302876	0.400983261510666	0.628588305938886	0.325754654377178	0.560541628066389	0.651195156067874	0.661957277577419	0.376696720476939	0.596339348527606	0.380602799424628	0.855783009335869	0.94807260329326	0.578354521987234	0.618966939171509	0.984515015358059	0.605806274823506	0.906861625161831	0.569779143286117	0.488491128384926	0.379796943741721	0.18912670923127	0.308544365078673	0.179679283357708	0.216759795384527	0.360468133482243	0.608410064143327	0.637174590370111	0.57656180306041	0.555620868619696	0.423572194119691	0.354048338883527	0.40220105126246	0.393454219145581
ERR13828000	0.696124713723343	0.704746404091629	0.705556886762699	0.709874706768953	0.874730981460232	0.52825755683206	0.698726177479595	0.500837251126983	0.872828090405386	0.851718235503683	0.726084695538615	0.623633758068123	0.640549765891428	0.857112181173677	0.559930245211634	0.838901734445141	0.766905675586613	0.886987648493431	0.925472650235454	0.648553022213217	0.624204873609491	0.651647021819026	0	0.678994516060325	0.454691648578056	0.649053679046053	0.587116024928138	0.57886200002899	0.947732332674941	0.602248160386993	0.614328828850863	0.751471312687176	0.951505543261292	0.601672082784346	0.789143443642415	0.909841869247109	0.765421964367472	0.666112328056272	0.858502097505862	0.964030583440641	0.813425117352424	0.897962235907001	0.686046567926674	0.68316711884362	0.683782691908063	0.673136533626005	0.622214297986048	0.583833534224978	0.747921224430713	0.884548815986154	0.633666574559137	0.745100997388576	0.557871266008948	0.661499137434454	0.660931736171146	0.637549776628745	0.665525325269283	0.591964911531029	0.639110245331669	0.739176155195333	0.681315566360563	0.615872743781508	0.507067844255869	0.555488105339581	0.877247421443602	0.88500190258757	0.687655302258672	0.531646186908006	0.94713240500354	0.744396624311555	0.976437731099048	0.698135611612276	0.651975349952577	0.637399219008329	0.64168070104661	0.577718159088673	0.68579086390053	0.648353197701767	0.674938565668948	0.627611976898841	0.629602012069916	0.509505155002615	0.695003948673218	0.581391796519604	0.606945180836058	0.483696335208913	0.630543228390819
ERR13828001	0.779278573430826	0.790262752132103	0.810138153547866	0.789807203998168	0.910157564340362	0.716371935667769	0.714859087235355	0.696305909849761	0.821863437605113	0.943684325002763	0.7690419020004	0.699560366117335	0.791270701588855	0.833323443542577	0.735175855689366	0.872955407796149	0.821392532795156	0.933114256377574	0.960614098313392	0.590780543489298	0.59839555180968	0.622653922107538	0.678994516060325	0	0.739306112990151	0.289001839179476	0.604743183805893	0.619240518619465	0.857849571580383	0.563222698347355	0.631811279930428	0.787373129591712	0.934861350276112	0.663042302738223	0.853247046151393	0.811598311765264	0.808416262419973	0.725163779457769	0.912122263488208	0.937446027633851	0.83441110343973	0.849457883471437	0.695198257986428	0.712421704835279	0.648542997867085	0.747218106803774	0.575501585456746	0.728302551088465	0.817549735928952	0.952284606401433	0.708583429799757	0.956912209889001	0.735430864759098	0.699158085826094	0.671081649568563	0.541931856697506	0.734218515491113	0.489937324612283	0.666338149806269	0.855700554183216	0.77953650955954	0.566587808771469	0.738336241894884	0.640415094586849	0.963471241170535	0.867810813913443	0.742921423793481	0.77280263850443	0.948397158884369	0.825747776293228	0.941534500156582	0.78181250176616	0.582689363218011	0.569832678552951	0.558396865910845	0.570236160670347	0.641408269478678	0.555753466592592	0.470117422691575	0.528414554242473	0.701348585510286	0.652101409091905	0.340381995434493	0.554624560296467	0.575797556355791	0.630318577086998	0.560708028860884
ERR13828002	0.727918936543404	0.644085634367889	0.676319586387731	0.630124245504716	0.871291293932577	0.611978031419007	0.786373040999748	0.650006305351681	0.906029674427349	0.880695292457217	0.827525397933865	0.73517156279145	0.802544366743022	0.868940557139724	0.63518288798436	0.879415788479975	0.769695453864336	0.898150179132851	0.921693353805659	0.64950589406734	0.658681711154376	0.65485635837722	0.454691648578056	0.739306112990151	0	0.662918514903107	0.669958920943887	0.67455282403736	0.920217053842585	0.665584699408086	0.669623002726486	0.643981137925242	0.973757692605103	0.698841936522669	0.840438295421071	0.877458506982525	0.644979638963016	0.757586894870081	0.923656777838422	0.934458463605743	0.842773204855379	0.971813994296995	0.721294135805023	0.744775514275728	0.802608094060732	0.731651647130816	0.703366674353673	0.543202997105098	0.826097100125195	0.879798201359947	0.700389548007696	0.799259795343669	0.64111910377637	0.739520693741455	0.715072476350858	0.685275704072363	0.766545469769323	0.672906442250303	0.398800865537369	0.676739147159128	0.368987285371509	0.582508493417247	0.57955245490747	0.656183927341746	0.905169262265117	0.933506199205547	0.750183755994043	0.622169778721054	0.978065365211669	0.651163017297094	0.937051632113314	0.642280650248261	0.647214255213758	0.621328599799896	0.626681549835009	0.656038117978929	0.681779064832466	0.683754363308202	0.68271768598573	0.651814145924094	0.446687204613678	0.220898424607843	0.694603508541791	0.642972453511048	0.709424882397284	0.619174310424051	0.669629972893379
